A-0 B-0 B-1 B-2 B-3 C-0 C-1 C-2 C-3 D-0 D-1 D-2 D-3 E-0 E-1 E-2 E-3 F-0 F-1 F-2 F-3 G-0 G-1 G-2 G-3 H-0 H-1 H-2 H-3 I-0 I-1 I-2 I-3 J-0 K-0 K-1 K-2 K-3 L-0 L-1 L-2 L-3 M-0 M-1 M-2 M-3 N-0 N-1 N-2 N-3 O-0 O-1 O-2 O-3 P-0 P-1 P-2 P-3 Q-0 Q-1 Q-2 Q-3 R-0 R-1 R-2 R-3
FF montanha 18/4
BG 1.png
AA
1-B-2 1-F-2 1-C-2 1-C-2 1-C-2 1-G-2 1-N-2 1-L-2 1-L-2 1-M-2 1-B-2 1-I-2 1-H-2 1-A-0 1-A-0 1-I-2
0 0 0 0 0 0 1-E-2 1-C-2 1-C-2 1-D-2 0 0 0 1-E-2 1-D-2
0 0 0 0 0 0 0 0 0 0 0 0 0 0 0 0
0 0 0 0 0 0 0 0 0 0 0 0 0 0 0 0
0 0 0 0 0 0 0 0 0 0 0 0 0 0 0 0
0 0 0 0 0 0 0 0 0 0 0 0 0 0 0 0
0 0 0 0 0 0 0 0 0 0 0 0 0 0 0 0
0 0 0 0 0 0 0 0 0 0 0 0 0 0 0 0
0 0 0 0 0 0 0 0 0 0 0 0 0 0 0 0
1-C-0 1-I-0 1-B-0 1-H-0 1-E-0 0 0 0 1-D-0 1-C-0 1-I-0 1-G-0 1-E-0 0 0 0
1-A-0 1-M-0 1-O-0 1-P-0 1-N-0 1-H-0 1-C-0 1-I-0 1-A-0 1-M-0 1-L-0 1-L-0 1-N-0 1-B-0 1-H-0 1-C-0
1-N-3 1-J-0 1-Q-1 1-R-3 1-J-0 1-M-1 1-A-0 1-M-0 1-R-0 1-J-0 1-R-2 1-Q-2 1-J-0 1-Q-0 1-N-0 1-A-0
AA
00
1 1 2 2 2 1 1 1 1 1 1 2 2 1 1 2
6 0 0 0 0 0 2 2 2 2 0 0 0 2 2 7
6 0 0 0 0 0 0 0 0 0 0 0 0 0 0 7
6 0 0 0 0 0 0 0 0 0 0 0 0 0 0 7
6 0 0 0 0 0 0 0 0 0 0 0 0 0 0 7
6 0 0 0 0 0 0 0 0 0 0 0 0 0 0 7
6 0 0 0 0 0 0 0 0 0 0 0 0 0 0 7
6 0 0 0 0 0 0 0 0 0 0 0 0 0 0 7
6 0 0 0 0 0 0 0 0 0 0 0 0 0 0 7
3 3 1 3 3 0 0 0 3 3 3 1 3 0 0 7
1 1 1 1 1 3 3 3 1 1 1 1 1 1 3 3
1 1 1 1 1 1 1 1 1 1 1 1 1 1 1 1
00